SIZES
  narena                14680064
  nbuffer               14640
  nplugin               0
  maxuse_stack          10200
  maxuse_arena          32136
  maxuse_con            4
  maxuse_efc            16
  solver_nisland        1
  ne                    0
  nf                    0
  nl                    1
  nefc                  1
  nnzJ                  13
  ncon                  0
  nisland               0
  threadpool            0

TIMER
    0:  duration =  0.011      number = 1
    1:  duration =  0.01       number = 4
    2:  duration =  0          number = 0
    3:  duration =  0.0054     number = 4
    4:  duration =  0.00096    number = 4
    5:  duration =  0          number = 0
    6:  duration =  0.0036     number = 4
    7:  duration =  0          number = 0
    8:  duration =  0.0015     number = 4
    9:  duration =  0.00082    number = 4
    10:  duration =  0.0019     number = 4
    11:  duration =  0.00061    number = 4
    12:  duration =  6.2e-05    number = 4
    13:  duration =  0.0016     number = 4
    14:  duration =  5.5e-05    number = 4

SOLVER STAT
  solver_nisland = 1
  solver_fwdinv =   1.6e-14   4e-14   
  ISLAND 0
    solver_niter = 1
    solver_nnz = 169
      0:  improvement =  2.1e-05     gradient =  3.2e-16     lineslope =  2.6e-20 
          nactive = 1   nchange = 0   neval = 2   nupdate = 0

ENERGY =   46        22      

TIME =  9e+02   

QPOS
  -0.55    
   0.075   
   0.038   
   0.83    
   7.7     
   4.2e+03 
  -13      
   25      
  -0.2     
  -0.38    
  -0.54    
   0.59    
  -0.23    
  -0.013   
  -0.78    

QVEL
  -0.33    
   0.21    
  -2.1     
  -0.094   
   2.3     
   0.29    
  -0.97    
   0.44    
   0.22    
  -0.11    
   1       
  -1.5     
  -38      

QACC_WARMSTART
   0.62    
  -1.5     
   1.5     
   13      
   1.3     
  -8.2     
   12      
   1.2     
   2.6     
  -0.22    
   71      
   37      
  -1.7e-14 

QFRC_APPLIED
   0       
   0       
   0       
   0       
   0       
   0       
   0       
   0       
   0       
   0       
   0       
   0       
   0       

XFRC_APPLIED
   0         0         0         0         0         0       
   0         0         0         0         0         0       
   0         0         0         0         0         0       
   0         0         0         0         0         0       
   0         0         0         0         0         0       

QACC
   0.62    
  -1.5     
   1.5     
   13      
   1.3     
  -8.2     
   12      
   1.2     
   2.6     
  -0.22    
   71      
   37      
  -1.7e-14 

XPOS
   0         0         0       
   0         0         1       
  -0.033    -0.058     0.61    
  -0.074    -0.14      0.32    
  -0.2      -0.38     -0.54    

XQUAT
   1         0         0         0       
  -0.55      0.075     0.038     0.83    
   0.31     -0.58      0.52      0.55    
   0.31     -0.59      0.51      0.54    
   0.59     -0.23     -0.013    -0.78    

XMAT
   1         0         0         0         1         0         0         0         1       
  -0.39      0.92      0.084    -0.9      -0.4       0.14      0.17     -0.019     0.99    
  -0.13     -0.94     -0.32     -0.26     -0.28      0.92     -0.96      0.21     -0.21    
  -0.12     -0.94     -0.32     -0.27     -0.28      0.92     -0.95      0.2      -0.22    
  -0.2       0.92      0.34     -0.91     -0.31      0.29      0.37     -0.25      0.9     

XIPOS
   0         0         0       
  -0.017    -0.029     0.8     
  -0.054    -0.097     0.46    
  -0.086    -0.16      0.22    
  -0.2      -0.38     -0.54    

XIMAT
   1         0         0         0         1         0         0         0         1       
  -0.39      0.92      0.084    -0.9      -0.4       0.14      0.17     -0.019     0.99    
  -0.32     -0.94      0.13      0.92     -0.28      0.26     -0.21      0.21      0.96    
  -0.12     -0.94     -0.32     -0.27     -0.28      0.92     -0.95      0.2      -0.22    
  -0.2       0.92      0.34     -0.91     -0.31      0.29      0.37     -0.25      0.9     

XANCHOR
   0         0         1       
  -0.033    -0.058     0.61    
  -0.033    -0.058     0.61    
  -0.074    -0.14      0.32    
  -0.074    -0.14      0.32    
  -0.2      -0.38     -0.54    

XAXIS
   0         0         1       
   0.92     -0.4      -0.019   
  -0.13     -0.26     -0.96    
  -0.94     -0.28      0.21    
  -0.32      0.92     -0.22    
   0         0         1       

GEOM_XPOS
  -0.017    -0.029     0.8     
  -0.054    -0.097     0.46    
  -0.086    -0.16      0.22    
  -0.2      -0.38     -0.54    

GEOM_XMAT
  -0.39      0.92      0.084    -0.9      -0.4       0.14      0.17     -0.019     0.99    
  -0.32     -0.94      0.13      0.92     -0.28      0.26     -0.21      0.21      0.96    
  -0.12     -0.94     -0.32     -0.27     -0.28      0.92     -0.95      0.2      -0.22    
  -0.2       0.92      0.34     -0.91     -0.31      0.29      0.37     -0.25      0.9     

SITE_XPOS
  -0.097    -0.19      0.13    
  -0.17     -0.35     -0.45    

SITE_XMAT
  -0.12     -0.94     -0.32     -0.27     -0.28      0.92     -0.95      0.2      -0.22    
  -0.2       0.92      0.34     -0.91     -0.31      0.29      0.37     -0.25      0.9     

CAM_XPOS
   0        -2.3       0.2     
   0.2       0.9       1.2     

CAM_XMAT
   1         0         0         0         0.021    -1         0         1         0.021   
  -1         0         0         0        -0.55      0.83      0         0.83      0.55    

LIGHT_XPOS
   0         1         1       

LIGHT_XDIR
   0        -0.71     -0.71    

SUBTREE_COM
  -0.08     -0.15      0.33    
  -0.031    -0.056     0.68    
  -0.062    -0.12      0.4     
  -0.086    -0.16      0.22    
  -0.2      -0.38     -0.54    

CDOF
  -0.39     -0.9       0.17      0.3      -0.13     -0.006   
   0.92     -0.4      -0.019     0.13      0.3      -0.063   
   0.084     0.14      0.99      0.0083   -0.0035   -0.0002  
   0.92     -0.4      -0.019    -0.029    -0.065     0.0029  
  -0.13     -0.26     -0.96     -0.017     0.0072    0.00039 
  -0.94     -0.28      0.21     -0.12      0.34     -0.064   
  -0.32      0.92     -0.22      0.35      0.11     -0.066   
   0         0         0         1         0         0       
   0         0         0         0         1         0       
   0         0         0         0         0         1       
  -0.2      -0.91      0.37     -0         0         0       
   0.92     -0.31     -0.25      0        -0         0       
   0.34      0.29      0.9       0         0         0       

CINERT
   0         0         0         0         0         0         0         0         0         0       
   0.2       0.2       0.017    -0.0033   -0.018    -0.033     0.077     0.15      0.68      5.4     
   0.1       0.1       0.0069   -0.0023   -0.011    -0.02     -0.04     -0.073    -0.38      1.8     
   0.15      0.14      0.011    -0.0042   -0.017    -0.033    -0.037    -0.072    -0.3       0.67    
   0.013     0.013     0.0088   -0.00063  -0.002    -0.0017    0         0         0         3.1     

TEN_LENGTH
   0.6     

TEN_MOMENT
  -0.0079    0.048    -0.00038  -0.0031    2.9e-05   0.0021    0.00017  -0.12     -0.26     -0.96     -0.021    -0.0089   -2.2e-18 

TENDON 0: 2 wrap points
    -1:   -0.097    -0.19      0.13    
    -1:   -0.17     -0.35     -0.45    

CRB
   0         0         0         0         0         0         0         0         0         0       
   0.45      0.44      0.035    -0.0098   -0.046    -0.086     1.4e-17  -2.8e-17   7.8e-16   7.9     
   0.25      0.24      0.018    -0.0065   -0.028    -0.053    -0.077    -0.15     -0.68      2.4     
   0.15      0.14      0.011    -0.0042   -0.017    -0.033    -0.037    -0.072    -0.3       0.67    
   0.013     0.013     0.0088   -0.00063  -0.002    -0.0017    0         0         0         3.1     

QM
   1.3       0.00032   0.05      0.00032   8.1e-05   0.036    -0.042     0         0         0         0         0         0       
   0.00032   1.3       0.0011    0.38     -0.0011   -0.041    -0.037     0         0         0         0         0         0       
   0.05      0.0011    0.015     0.00059  -0.0023    0.0024   -0.003     0         0         0         0         0         0       
   0.00032   0.38      0.00059   0.17     -0.00054  -0.021    -0.019     0         0         0         0         0         0       
   8.1e-05  -0.0011   -0.0023   -0.00054   0.0023    8.7e-05   0.00014   0         0         0         0         0         0       
   0.036    -0.041     0.0024   -0.021     8.7e-05   0.0081    3.5e-18   0         0         0         0         0         0       
  -0.042    -0.037    -0.003    -0.019     0.00014   3.5e-18   0.0089    0         0         0         0         0         0       
   0         0         0         0         0         0         0         3.1       0         0         0         0         0       
   0         0         0         0         0         0         0         0         3.1       0         0         0         0       
   0         0         0         0         0         0         0         0         0         3.1       0         0         0       
   0         0         0         0         0         0         0         0         0         0         0.014     0         0       
   0         0         0         0         0         0         0         0         0         0         0         0.014     0       
   0         0         0         0         0         0         0         0         0         0         0         0         0.0075  

QLD
   0.89     -0.0048    2.4       0.073     0.15      4.5      -4.7       0         0         0         0         0         0       
  -0.0048    0.43     -0.013     2.7      -0.017    -5.1      -4.1       0         0         0         0         0         0       
   2.4      -0.013     0.011     0.0041   -0.99      0.29     -0.34      0         0         0         0         0         0       
   0.073     2.7       0.0041    0.072    -0.0048   -2.6      -2.2       0         0         0         0         0         0       
   0.15     -0.017    -0.99     -0.0048    0.0023    0.011     0.016     0         0         0         0         0         0       
   4.5      -5.1       0.29     -2.6       0.011     0.0081    3.9e-16   0         0         0         0         0         0       
  -4.7      -4.1      -0.34     -2.2       0.016     3.9e-16   0.0089    0         0         0         0         0         0       
   0         0         0         0         0         0         0         3.1       0         0         0         0         0       
   0         0         0         0         0         0         0         0         3.1       0         0         0         0       
   0         0         0         0         0         0         0         0         0         3.1       0         0         0       
   0         0         0         0         0         0         0         0         0         0         0.014     0         0       
   0         0         0         0         0         0         0         0         0         0         0         0.014     0       
   0         0         0         0         0         0         0         0         0         0         0         0         0.0075  

QLDIAGINV
   1.1     
   2.3     
   93      
   14      
   4.4e+02 
   1.2e+02 
   1.1e+02 
   0.32    
   0.32    
   0.32    
   71      
   71      
   1.3e+02 

QLDIAGSQRTINV
   1.1     
   1.5     
   9.7     
   3.7     
   21      
   11      
   11      
   0.57    
   0.57    
   0.57    
   8.4     
   8.4     
   12      

B_rownnz              13 7 7 7 6

B_rowadr              0 13 20 27 34

B_colind              0 1 2 3 4 5 6 7 8 9 10 11 12 0 1 2 3 4 5 6 0 1 2 3 4 5 6 0 1 2 3 4 5 6 7 8 9 10 11 12

C_rownnz              7 7 7 7 7 7 7 1 1 1 1 1 1

C_rowadr              0 7 14 21 28 35 42 49 50 51 52 53 54

C_colind              0 1 2 3 4 5 6 0 1 2 3 4 5 6 0 1 2 3 4 5 6 0 1 2 3 4 5 6 0 1 2 3 4 5 6 0 1 2 3 4 5 6 0 1 2 3 4 5 6 7 8 9 10 11 12

mapM2C                0 2 5 9 14 20 27 2 1 4 8 13 19 26 5 4 3 7 12 18 25 9 8 7 6 11 17 24 14 13 12 11 10 16 23 20 19 18 17 16 15 22 27 26 25 24 23 22 21 28 29 31 34 38 43

D_rownnz              7 7 7 7 7 7 7 6 6 6 6 6 6

D_rowadr              0 7 14 21 28 35 42 49 55 61 67 73 79

D_colind              0 1 2 3 4 5 6 0 1 2 3 4 5 6 0 1 2 3 4 5 6 0 1 2 3 4 5 6 0 1 2 3 4 5 6 0 1 2 3 4 5 6 0 1 2 3 4 5 6 7 8 9 10 11 12 7 8 9 10 11 12 7 8 9 10 11 12 7 8 9 10 11 12 7 8 9 10 11 12 7 8 9 10 11 12

mapM2D                0 2 5 9 14 20 27 2 1 4 8 13 19 26 5 4 3 7 12 18 25 9 8 7 6 11 17 24 14 13 12 11 10 16 23 20 19 18 17 16 15 22 27 26 25 24 23 22 21 28 30 33 37 42 48 30 29 32 36 41 47 33 32 31 35 40 46 37 36 35 34 39 45 42 41 40 39 38 44 48 47 46 45 44 43

mapD2M                0 8 7 16 15 14 24 23 22 21 32 31 30 29 28 40 39 38 37 36 35 48 47 46 45 44 43 42 49 56 55 63 62 61 70 69 68 67 77 76 75 74 73 84 83 82 81 80 79

QDERIV
   0         0         0         0         0         0         0         0         0         0         0         0         0       
   0         0         0         0         0         0         0         0         0         0         0         0         0       
   0         0         0         0         0         0         0         0         0         0         0         0         0       
   0         0         0         0         0         0         0         0         0         0         0         0         0       
   0         0         0         0         0         0         0         0         0         0         0         0         0       
   0         0         0         0         0         0         0         0         0         0         0         0         0       
   0         0         0         0         0         0         0         0         0         0         0         0         0       
   0         0         0         0         0         0         0         0         0         0         0         0         0       
   0         0         0         0         0         0         0         0         0         0         0         0         0       
   0         0         0         0         0         0         0         0         0         0         0         0         0       
   0         0         0         0         0         0         0         0         0         0         0         0         0       
   0         0         0         0         0         0         0         0         0         0         0         0         0       
   0         0         0         0         0         0         0         0         0         0         0         0         0       

QLU
   0.96      0        -0.87      0        -0.045     0         6.3       0         0         0         0         0         0       
   0         0.42      0         2.7       0         6.8       0         0         0         0         0         0         0       
  -0.0083    0         0.0096    0        -1         0        -0.14      0         0         0         0         0         0       
   0         0.19      0         0.07      0         3.5       0         0         0         0         0         0         0       
  -0.0001    0        -0.0023    0         0.0023    0         0.01      0         0         0         0         0         0       
   0         0.055     0         0.028     0         0.0081    0         0         0         0         0         0         0       
   0.056     0        -0.0013    0         9.2e-05   0         0.0089    0         0         0         0         0         0       
   0         0         0         0         0         0         0         3.1       0         0         0         0         0       
   0         0         0         0         0         0         0         0         3.1       0         2.2e-20   0         2.9e-19 
   0         0         0         0         0         0         0         2.2e-41   0         3.1       0         1.6e-19   0       
   0         0         0         0         0         0         0         0         0         0         0.014     0         7e-07   
   0         0         0         0         0         0         0        -1.4e-22   0         0         0         0.014     0       
   0         0         0         0         0         0         0         0         0         0        -1.3e-24   0         0.0075  

CONTACT
EFC_TYPE
  4

EFC_ID
  0

EFC_J
   0.0079   -0.048     0.00038   0.0031   -2.9e-05  -0.0021   -0.00017   0.12      0.26      0.96      0.021     0.0089    2.2e-18 

EFC_POS
  -0.0038  

EFC_MARGIN
   0       

EFC_FRICTIONLOSS
   0       

EFC_DIAGAPPROX
   4.9     

EFC_KBIP
   2.8e+03   1.1e+02   0.95      0       

EFC_D
   3.9     

EFC_R
   0.26    

TEN_VELOCITY
   0.0042  

CVEL
   0         0         0         0         0         0       
   0.15     -0.09     -2.1      -0.088     0.11     -0.011   
  -0.25     -0.67     -4.3      -0.12      0.14     -0.011   
  -0.21     -1.6      -4.1      -0.49      0.13      0.034   
  -14       -11       -33        0.44      0.22     -0.11    

CDOF_DOT
   0        -0         0         0         0         0       
   0         0        -0         0         0         0       
   0         0         0         0         0         0       
  -0.84     -1.9       0.022    -0.14      0.048    -0.081   
  -0.5       0.34     -0.024    -0.1      -0.045     0.038   
  -1.4       4.1      -0.55      1.6       0.53     -0.0016  
   4.1       1.3      -0.73      0.48     -1.5       0.13    
   0         0         0         0         0         0       
   0         0         0         0         0         0       
   0         0         0         0         0         0       
   0        -0         0        -0.022    -0.14     -0.35    
   0         0        -0        -0.088     0.0053   -0.33    
   0         0         0         0.23     -0.43      0.053   

QFRC_BIAS
   0.14    
  -4.3     
   0.01    
  -1.4     
   0.0039  
   0.18    
   0.11    
   0       
  -7.1e-15 
   30      
  -0.36    
  -0.24    
   1.9e-16 

QFRC_SPRING
   0       
   0       
   0       
   0       
   0       
   0       
   0       
   0       
   0       
   0       
   0       
   0       
   0       

QFRC_DAMPER
   0       
   0       
   0       
   0       
   0       
   0       
   0       
   0       
   0       
   0       
   0       
   0       
   0       

QFRC_GRAVCOMP
   0       
   0       
   0       
   0       
   0       
   0       
   0       
   0       
   0       
   0       
   0       
   0       
   0       

QFRC_FLUID
   0       
   0       
   0       
   0       
   0       
   0       
   0       
   0       
   0       
   0       
   0       
   0       
   0       

QFRC_PASSIVE
   0       
   0       
   0       
   0       
   0       
   0       
   0       
   0       
   0       
   0       
   0       
   0       
   0       

EFC_VEL
  -0.0042  

EFC_AREF
   11      

SUBTREE_LINVEL
   0         0         0       
   0         0         0       
   0         0         0       
   0         0         0       
   0         0         0       

SUBTREE_ANGMOM
   0         0         0       
   0         0         0       
   0         0         0       
   0         0         0       
   0         0         0       

QFRC_ACTUATOR
   0       
   0       
   0       
   0       
   0       
   0       
   0       
   0       
   0       
   0       
   0       
   0       
   0       

QFRC_SMOOTH
  -0.14    
   4.3     
  -0.01    
   1.4     
  -0.0039  
  -0.18    
  -0.11    
   0       
   7.1e-15 
  -30      
   0.36    
   0.24    
  -1.9e-16 

QACC_SMOOTH
   0.12    
   2.2     
   0.0032  
   4.1     
  -0.029   
  -1.4     
   6       
   0       
   2.3e-15 
  -9.8     
   26      
   17      
  -2.6e-14 

EFC_B
  -19      

EFC_FORCE
   31      

EFC_STATE
  1

QFRC_CONSTRAINT
   0.24    
  -1.5     
   0.012   
   0.097   
  -0.00089 
  -0.066   
  -0.0053  
   3.7     
   8.1     
   30      
   0.64    
   0.27    
   6.9e-17 

QFRC_INVERSE
   1.1e-14 
   7.1e-15 
  -3.3e-16 
  -3.6e-15 
   5e-16   
  -1.8e-15 
  -3.1e-15 
   2.5e-14 
   2.3e-14 
  -1.4e-14 
   1.4e-15 
  -8.2e-15 
   2.4e-16 

CACC
   0         0         0         0         0         0       
   0         0         0         0         0         0       
   0         0         0         0         0         0       
   0         0         0         0         0         0       
   0         0         0         0         0         0       

CFRC_INT
   0         0         0         0         0         0       
   0         0         0         0         0         0       
   0         0         0         0         0         0       
   0         0         0         0         0         0       
   0         0         0         0         0         0       

CFRC_EXT
   0         0         0         0         0         0       
   0         0         0         0         0         0       
   0         0         0         0         0         0       
   0         0         0         0         0         0       
   0         0         0         0         0         0       

TENDON_EFCADR         0

